100
50
33.3333333
25
20
16.6666667
14.2857143
12.5
11.1111111
10
9.0909091
8.3333333
7.6923077
7.1428571
6.6666667
6.25
5.8823529
5.5555556
5.2631579
5
4.7619048
4.5454545
4.3478261
4.1666667
4
3.8461538
3.7037037
3.5714286
3.4482759
3.3333333
3.2258065
3.125
3.030303
2.9411765
2.8571429
2.7777778
2.7027027
2.6315789
2.5641026
2.5
2.4390244
2.3809524
2.3255814
2.2727273
2.2222222
2.173913
2.1276596
2.0833333
2.0408163
2
1.9607843
1.9230769
1.8867925
1.8518519
1.8181818
1.7857143
1.754386
1.7241379
1.6949153
1.6666667
1.6393443
1.6129032
1.5873016
1.5625
1.5384615
1.5151515
1.4925373
1.4705882
1.4492754
1.4285714
1.4084507
1.3888889
1.369863
1.3513514
1.3333333
1.3157895
1.2987013
1.2820513
1.2658228
1.25
1.2345679
1.2195122
1.2048193
1.1904762
1.1764706
1.1627907
1.1494253
1.1363636
1.1235955
1.1111111
1.0989011
1.0869565
1.0752688
1.0638298
1.0526316
1.0416667
1.0309278
1.0204082
1.010101
1
0.990099
0.9803922
0.9708738
0.9615385
0.952381
0.9433962
0.9345794
0.9259259
0.9174312
0.9090909
0.9009009
0.8928571
0.8849558
0.877193
0.8695652
0.862069
0.8547009
0.8474576
0.8403361
0.8333333
0.8264463
0.8196721
0.8130081
0.8064516
0.8
0.7936508
0.7874016
0.78125
0.7751938
0.7692308
0.7633588
0.7575758
0.7518797
0.7462687
0.7407407
0.7352941
0.729927
0.7246377
0.7194245
0.7142857
0.7092199
0.7042254
0.6993007
0.6944444
0.6896552
0.6849315
0.6802721
0.6756757
0.6711409
0.6666667
0.6622517
0.6578947
0.6535948
0.6493506
0.6451613
0.6410256
0.6369427
0.6329114
0.6289308
0.625
0.621118
0.617284
0.6134969
0.6097561
0.6060606
0.6024096
0.5988024
0.5952381
0.591716
0.5882353
0.5847953
0.5813953
0.5780347
0.5747126
0.5714286
0.5681818
0.5649718
0.5617978
0.5586592
0.5555556
0.5524862
0.5494505
0.5464481
0.5434783
0.5405405
0.5376344
0.5347594
0.5319149
0.5291005
0.5263158
0.5235602
0.5208333
0.5181347
0.5154639
0.5128205
0.5102041
0.5076142
0.5050505
0.5025126
0.5
0.4975124
0.4950495
0.4926108
0.4901961
0.4878049
0.4854369
0.4830918
0.4807692
0.4784689
0.4761905
0.4739336
0.4716981
0.4694836
0.4672897
0.4651163
0.462963
0.4608295
0.4587156
0.456621
0.4545455
0.4524887
0.4504505
0.4484305
0.4464286
0.4444444
0.4424779
0.4405286
0.4385965
0.4366812
0.4347826
0.4329004
0.4310345
0.4291845
0.4273504
0.4255319
0.4237288
0.4219409
0.4201681
0.41841
0.4166667
0.4149378
0.4132231
0.4115226
0.4098361
0.4081633
0.4065041
0.4048583
0.4032258
0.4016064
0.4
0.3984064
0.3968254
0.3952569
0.3937008
0.3921569
0.390625
0.3891051
0.3875969
0.3861004
0.3846154
0.3831418
0.3816794
0.3802281
0.3787879
0.3773585
0.3759398
0.3745318
0.3731343
0.3717472
0.3703704
0.3690037
0.3676471
0.3663004
0.3649635
0.3636364
0.3623188
0.3610108
0.3597122
0.3584229
0.3571429
0.3558719
0.3546099
0.3533569
0.3521127
0.3508772
0.3496503
0.3484321
0.3472222
0.3460208
0.3448276
0.3436426
0.3424658
0.3412969
0.3401361
0.3389831
0.3378378
0.3367003
0.3355705
0.3344482
0.3333333
0.3322259
0.3311258
0.330033
0.3289474
0.3278689
0.3267974
0.3257329
0.3246753
0.3236246
0.3225806
0.3215434
0.3205128
0.3194888
0.3184713
0.3174603
0.3164557
0.3154574
0.3144654
0.3134796
0.3125
0.3115265
0.310559
0.3095975
0.308642
0.3076923
0.3067485
0.3058104
0.304878
0.3039514
0.3030303
0.3021148
0.3012048
0.3003003
0.2994012
0.2985075
0.297619
0.2967359
0.295858
0.2949853
0.2941176
0.2932551
0.2923977
0.2915452
0.2906977
0.2898551
0.2890173
0.2881844
0.2873563
0.286533
0.2857143
0.2849003
0.2840909
0.2832861
0.2824859
0.2816901
0.2808989
0.280112
0.2793296
0.2785515
0.2777778
0.2770083
0.2762431
0.2754821
0.2747253
0.2739726
0.273224
0.2724796
0.2717391
0.2710027
0.2702703
0.2695418
0.2688172
0.2680965
0.2673797
0.2666667
0.2659574
0.265252
0.2645503
0.2638522
0.2631579
0.2624672
0.2617801
0.2610966
0.2604167
0.2597403
0.2590674
0.2583979
0.257732
0.2570694
0.2564103
0.2557545
0.255102
0.2544529
0.2538071
0.2531646
0.2525253
0.2518892
0.2512563
0.2506266
0.25
0.2493766
0.2487562
0.248139
0.2475248
0.2469136
0.2463054
0.2457002
0.245098
0.2444988
0.2439024
0.243309
0.2427184
0.2421308
0.2415459
0.2409639
0.2403846
0.2398082
0.2392344
0.2386635
0.2380952
0.2375297
0.2369668
0.2364066
0.2358491
0.2352941
0.2347418
0.234192
0.2336449
0.2331002
0.2325581
0.2320186
0.2314815
0.2309469
0.2304147
0.2298851
0.2293578
0.228833
0.2283105
0.2277904
0.2272727
0.2267574
0.2262443
0.2257336
0.2252252
0.2247191
0.2242152
0.2237136
0.2232143
0.2227171
0.2222222
0.2217295
0.2212389
0.2207506
0.2202643
0.2197802
0.2192982
0.2188184
0.2183406
0.2178649
0.2173913
0.2169197
0.2164502
0.2159827
0.2155172
0.2150538
0.2145923
0.2141328
0.2136752
0.2132196
0.212766
0.2123142
0.2118644
0.2114165
0.2109705
0.2105263
0.210084
0.2096436
0.209205
0.2087683
0.2083333
0.2079002
0.2074689
0.2070393
0.2066116
0.2061856
0.2057613
0.2053388
0.204918
0.204499
0.2040816
0.203666
0.203252
0.2028398
0.2024291
0.2020202
0.2016129
0.2012072
0.2008032
0.2004008
0.2
0.1996008
0.1992032
0.1988072
0.1984127
0.1980198
0.1976285
0.1972387
0.1968504
0.1964637
0.1960784
0.1956947
0.1953125
0.1949318
0.1945525
0.1941748
0.1937984
0.1934236
0.1930502
0.1926782
0.1923077
0.1919386
0.1915709
0.1912046
0.1908397
0.1904762
0.1901141
0.1897533
0.1893939
0.1890359
0.1886792
0.1883239
0.1879699
0.1876173
0.1872659
0.1869159
0.1865672
0.1862197
0.1858736
0.1855288
0.1851852
0.1848429
0.1845018
0.1841621
0.1838235
0.1834862
0.1831502
0.1828154
0.1824818
0.1821494
0.1818182
0.1814882
0.1811594
0.1808318
0.1805054
0.1801802
0.1798561
0.1795332
0.1792115
0.1788909
0.1785714
0.1782531
0.1779359
0.1776199
0.177305
0.1769912
0.1766784
0.1763668
0.1760563
0.1757469
0.1754386
0.1751313
0.1748252
0.1745201
0.174216
0.173913
0.1736111
0.1733102
0.1730104
0.1727116
0.1724138
0.172117
0.1718213
0.1715266
0.1712329
0.1709402
0.1706485
0.1703578
0.170068
0.1697793
0.1694915
0.1692047
0.1689189
0.1686341
0.1683502
0.1680672
0.1677852
0.1675042
0.1672241
0.1669449
0.1666667
0.1663894
0.166113
0.1658375
0.1655629
0.1652893
0.1650165
0.1647446
0.1644737
0.1642036
0.1639344
0.1636661
0.1633987
0.1631321
0.1628664
0.1626016
0.1623377
0.1620746
0.1618123
0.1615509
0.1612903
0.1610306
0.1607717
0.1605136
0.1602564
0.16
0.1597444
0.1594896
0.1592357
0.1589825
0.1587302
0.1584786
0.1582278
0.1579779
0.1577287
0.1574803
0.1572327
0.1569859
0.1567398
0.1564945
0.15625
0.1560062
0.1557632
0.155521
0.1552795
0.1550388
0.1547988
0.1545595
0.154321
0.1540832
0.1538462
0.1536098
0.1533742
0.1531394
0.1529052
0.1526718
0.152439
0.152207
0.1519757
0.1517451
0.1515152
0.1512859
0.1510574
0.1508296
0.1506024
0.1503759
0.1501502
0.149925
0.1497006
0.1494768
0.1492537
0.1490313
0.1488095
0.1485884
0.148368
0.1481481
0.147929
0.1477105
0.1474926
0.1472754
0.1470588
0.1468429
0.1466276
0.1464129
0.1461988
0.1459854
0.1457726
0.1455604
0.1453488
0.1451379
0.1449275
0.1447178
0.1445087
0.1443001
0.1440922
0.1438849
0.1436782
0.143472
0.1432665
0.1430615
0.1428571
0.1426534
0.1424501
0.1422475
0.1420455
0.141844
0.1416431
0.1414427
0.1412429
0.1410437
0.1408451
0.140647
0.1404494
0.1402525
0.140056
0.1398601
0.1396648
0.13947
0.1392758
0.1390821
0.1388889
0.1386963
0.1385042
0.1383126
0.1381215
0.137931
0.137741
0.1375516
0.1373626
0.1371742
0.1369863
0.1367989
0.136612
0.1364256
0.1362398
0.1360544
0.1358696
0.1356852
0.1355014
0.135318
0.1351351
0.1349528
0.1347709
0.1345895
0.1344086
0.1342282
0.1340483
0.1338688
0.1336898
0.1335113
0.1333333
0.1331558
0.1329787
0.1328021
0.132626
0.1324503
0.1322751
0.1321004
0.1319261
0.1317523
0.1315789
0.131406
0.1312336
0.1310616
0.1308901
0.130719
0.1305483
0.1303781
0.1302083
0.130039
0.1298701
0.1297017
0.1295337
0.1293661
0.129199
0.1290323
0.128866
0.1287001
0.1285347
0.1283697
0.1282051
0.128041
0.1278772
0.1277139
0.127551
0.1273885
0.1272265
0.1270648
0.1269036
0.1267427
0.1265823
0.1264223
0.1262626
0.1261034
0.1259446
0.1257862
0.1256281
0.1254705
0.1253133
0.1251564
0.125
0.1248439
0.1246883
0.124533
0.1243781
0.1242236
0.1240695
0.1239157
0.1237624
0.1236094
0.1234568
0.1233046
0.1231527
0.1230012
0.1228501
0.1226994
0.122549
0.122399
0.1222494
0.1221001
0.1219512
0.1218027
0.1216545
0.1215067
0.1213592
0.1212121
0.1210654
0.120919
0.1207729
0.1206273
0.1204819
0.1203369
0.1201923
0.120048
0.1199041
0.1197605
0.1196172
0.1194743
0.1193317
0.1191895
0.1190476
0.1189061
0.1187648
0.118624
0.1184834
0.1183432
0.1182033
0.1180638
0.1179245
0.1177856
0.1176471
0.1175088
0.1173709
0.1172333
0.117096
0.1169591
0.1168224
0.1166861
0.1165501
0.1164144
0.1162791
0.116144
0.1160093
0.1158749
0.1157407
0.1156069
0.1154734
0.1153403
0.1152074
0.1150748
0.1149425
0.1148106
0.1146789
0.1145475
0.1144165
0.1142857
0.1141553
0.1140251
0.1138952
0.1137656
0.1136364
0.1135074
0.1133787
0.1132503
0.1131222
0.1129944
0.1128668
0.1127396
0.1126126
0.1124859
0.1123596
0.1122334
0.1121076
0.1119821
0.1118568
0.1117318
0.1116071
0.1114827
0.1113586
0.1112347
0.1111111
0.1109878
0.1108647
0.110742
0.1106195
0.1104972
0.1103753
0.1102536
0.1101322
0.110011
0.1098901
0.1097695
0.1096491
0.109529
0.1094092
0.1092896
0.1091703
0.1090513
0.1089325
0.1088139
0.1086957
0.1085776
0.1084599
0.1083424
0.1082251
0.1081081
0.1079914
0.1078749
0.1077586
0.1076426
0.1075269
0.1074114
0.1072961
0.1071811
0.1070664
0.1069519
0.1068376
0.1067236
0.1066098
0.1064963
0.106383
0.1062699
0.1061571
0.1060445
0.1059322
0.1058201
0.1057082
0.1055966
0.1054852
0.1053741
0.1052632
0.1051525
0.105042
0.1049318
0.1048218
0.104712
0.1046025
0.1044932
0.1043841
0.1042753
0.1041667
0.1040583
0.1039501
0.1038422
0.1037344
0.1036269
0.1035197
0.1034126
0.1033058
0.1031992
0.1030928
0.1029866
0.1028807
0.1027749
0.1026694
0.1025641
0.102459
0.1023541
0.1022495
0.102145
0.1020408
0.1019368
0.101833
0.1017294
0.101626
0.1015228
0.1014199
0.1013171
0.1012146
0.1011122
0.1010101
0.1009082
0.1008065
0.1007049
0.1006036
0.1005025
0.1004016
0.1003009
0.1002004
0.1001001
0.1
0.0999001
0.0998004
0.0997009
0.0996016
0.0995025
0.0994036
0.0993049
0.0992063
0.099108
0.0990099
0.098912
0.0988142
0.0987167
0.0986193
0.0985222
0.0984252
0.0983284
0.0982318
0.0981354
0.0980392
0.0979432
0.0978474
0.0977517
0.0976563
0.097561
0.0974659
0.097371
0.0972763
0.0971817
0.0970874
0.0969932
0.0968992
0.0968054
0.0967118
0.0966184
0.0965251
0.096432
0.0963391
0.0962464
0.0961538
0.0960615
0.0959693
0.0958773
0.0957854
0.0956938
0.0956023
0.095511
0.0954198
0.0953289
0.0952381
0.0951475
0.095057
0.0949668
0.0948767
0.0947867
0.094697
0.0946074
0.094518
0.0944287
0.0943396
0.0942507
0.094162
0.0940734
0.093985
0.0938967
0.0938086
0.0937207
0.093633
0.0935454
0.0934579
0.0933707
0.0932836
0.0931966
0.0931099
0.0930233
0.0929368
0.0928505
0.0927644
0.0926784
0.0925926
0.0925069
0.0924214
0.0923361
0.0922509
0.0921659
0.092081
0.0919963
0.0919118
0.0918274
0.0917431
0.091659
0.0915751
0.0914913
0.0914077
0.0913242
0.0912409
0.0911577
0.0910747
0.0909918
0.0909091
0.0908265
0.0907441
0.0906618
0.0905797
0.0904977
0.0904159
0.0903342
0.0902527
0.0901713
0.0900901
0.090009
0.0899281
0.0898473
0.0897666
0.0896861
0.0896057
0.0895255
0.0894454
0.0893655
0.0892857
0.0892061
0.0891266
0.0890472
0.088968
0.0888889
0.0888099
0.0887311
0.0886525
0.088574
0.0884956
0.0884173
0.0883392
0.0882613
0.0881834
0.0881057
0.0880282
0.0879507
0.0878735
0.0877963
0.0877193
0.0876424
0.0875657
0.0874891
0.0874126
0.0873362
0.08726
0.087184
0.087108
0.0870322
0.0869565
0.086881
0.0868056
0.0867303
0.0866551
0.0865801
0.0865052
0.0864304
0.0863558
0.0862813
0.0862069
0.0861326
0.0860585
0.0859845
0.0859107
0.0858369
0.0857633
0.0856898
0.0856164
0.0855432
0.0854701
0.0853971
0.0853242
0.0852515
0.0851789
0.0851064
0.085034
0.0849618
0.0848896
0.0848176
0.0847458
0.084674
0.0846024
0.0845309
0.0844595
0.0843882
0.084317
0.084246
0.0841751
0.0841043
0.0840336
0.0839631
0.0838926
0.0838223
0.0837521
0.083682
0.083612
0.0835422
0.0834725
0.0834028
0.0833333
0.0832639
0.0831947
0.0831255
0.0830565
0.0829876
0.0829187
0.08285
0.0827815
0.082713
0.0826446
0.0825764
0.0825083
0.0824402
0.0823723
0.0823045
0.0822368
0.0821693
0.0821018
0.0820345
0.0819672
0.0819001
0.0818331
0.0817661
0.0816993
0.0816327
0.0815661
0.0814996
0.0814332
0.081367
0.0813008
0.0812348
0.0811688
0.081103
0.0810373
0.0809717
0.0809061
0.0808407
0.0807754
0.0807103
0.0806452
0.0805802
0.0805153
0.0804505
0.0803859
0.0803213
0.0802568
0.0801925
0.0801282
0.0800641
0.08
0.0799361
0.0798722
0.0798085
0.0797448
0.0796813
0.0796178
0.0795545
0.0794913
0.0794281
0.0793651
0.0793021
0.0792393
0.0791766
0.0791139
0.0790514
0.0789889
0.0789266
0.0788644
0.0788022
0.0787402
0.0786782
0.0786164
0.0785546
0.0784929
0.0784314
0.0783699
0.0783085
0.0782473
0.0781861
0.078125
0.078064
0.0780031
0.0779423
0.0778816
0.077821
0.0777605
0.0777001
0.0776398
0.0775795
0.0775194
0.0774593
0.0773994
0.0773395
0.0772798
0.0772201
0.0771605
0.077101
0.0770416
0.0769823
0.0769231
0.076864
0.0768049
0.076746
0.0766871
0.0766284
0.0765697
0.0765111
0.0764526
0.0763942
0.0763359
0.0762777
0.0762195
0.0761615
0.0761035
0.0760456
0.0759878
0.0759301
0.0758725
0.075815
0.0757576
0.0757002
0.075643
0.0755858
0.0755287
0.0754717
0.0754148
0.075358
0.0753012
0.0752445
0.075188
0.0751315
0.0750751
0.0750188
0.0749625
0.0749064
0.0748503
0.0747943
0.0747384
0.0746826
0.0746269
0.0745712
0.0745156
0.0744602
0.0744048
0.0743494
0.0742942
0.074239
0.074184
0.074129
0.0740741
0.0740192
0.0739645
0.0739098
0.0738552
0.0738007
0.0737463
0.073692
0.0736377
0.0735835
0.0735294
0.0734754
0.0734214
0.0733676
0.0733138
0.0732601
0.0732064
0.0731529
0.0730994
0.073046
0.0729927
0.0729395
0.0728863
0.0728332
0.0727802
0.0727273
0.0726744
0.0726216
0.0725689
0.0725163
0.0724638
0.0724113
0.0723589
0.0723066
0.0722543
0.0722022
0.0721501
0.0720981
0.0720461
0.0719942
0.0719424
0.0718907
0.0718391
0.0717875
0.071736
0.0716846
0.0716332
0.071582
0.0715308
0.0714796
0.0714286
0.0713776
0.0713267
0.0712758
0.0712251
0.0711744
0.0711238
0.0710732
0.0710227
0.0709723
0.070922
0.0708717
0.0708215
0.0707714
0.0707214
0.0706714
0.0706215
0.0705716
0.0705219
0.0704722
0.0704225
0.070373
0.0703235
0.0702741
0.0702247
0.0701754
0.0701262
0.0700771
0.070028
0.069979
0.0699301
0.0698812
0.0698324
0.0697837
0.069735
0.0696864
0.0696379
0.0695894
0.069541
0.0694927
0.0694444
0.0693963
0.0693481
0.0693001
0.0692521
0.0692042
0.0691563
0.0691085
0.0690608
0.0690131
0.0689655
0.068918
0.0688705
0.0688231
0.0687758
0.0687285
0.0686813
0.0686342
0.0685871
0.0685401
0.0684932
0.0684463
0.0683995
0.0683527
0.068306
0.0682594
0.0682128
0.0681663
0.0681199
0.0680735
0.0680272
0.067981
0.0679348
0.0678887
0.0678426
0.0677966
0.0677507
0.0677048
0.067659
0.0676133
0.0675676
0.0675219
0.0674764
0.0674309
0.0673854
0.0673401
0.0672948
0.0672495
0.0672043
0.0671592
0.0671141
0.0670691
0.0670241
0.0669792
0.0669344
0.0668896
0.0668449
0.0668003
0.0667557
0.0667111
0.0666667
0.0666223
0.0665779
0.0665336
0.0664894
0.0664452
0.0664011
0.066357
0.066313
0.0662691
0.0662252
0.0661813
0.0661376
0.0660939
0.0660502
0.0660066
0.0659631
0.0659196
0.0658762
0.0658328
0.0657895
0.0657462
0.065703
0.0656599
0.0656168
0.0655738
0.0655308
0.0654879
0.065445
0.0654022
0.0653595
0.0653168
0.0652742
0.0652316
0.065189
0.0651466
0.0651042
0.0650618
0.0650195
0.0649773
0.0649351
0.0648929
0.0648508
0.0648088
0.0647668
0.0647249
0.0646831
0.0646412
0.0645995
0.0645578
0.0645161
0.0644745
0.064433
0.0643915
0.0643501
0.0643087
0.0642674
0.0642261
0.0641849
0.0641437
0.0641026
0.0640615
0.0640205
0.0639795
0.0639386
0.0638978
0.063857
0.0638162
0.0637755
0.0637349
0.0636943
0.0636537
0.0636132
0.0635728
0.0635324
0.0634921
0.0634518
0.0634115
0.0633714
0.0633312
0.0632911
0.0632511
0.0632111
0.0631712
0.0631313
0.0630915
0.0630517
0.063012
0.0629723
0.0629327
0.0628931
0.0628536
0.0628141
0.0627746
0.0627353
0.0626959
0.0626566
0.0626174
0.0625782
0.0625391
0.0625
0.062461
0.062422
0.062383
0.0623441
0.0623053
0.0622665
0.0622278
0.0621891
0.0621504
0.0621118
0.0620732
0.0620347
0.0619963
0.0619579
0.0619195
0.0618812
0.0618429
0.0618047
0.0617665
0.0617284
0.0616903
0.0616523
0.0616143
0.0615764
0.0615385
0.0615006
0.0614628
0.0614251
0.0613874
0.0613497
0.0613121
0.0612745
0.061237
0.0611995
0.0611621
0.0611247
0.0610874
0.0610501
0.0610128
0.0609756
0.0609385
0.0609013
0.0608643
0.0608273
0.0607903
0.0607533
0.0607165
0.0606796
0.0606428
0.0606061
0.0605694
0.0605327
0.0604961
0.0604595
0.060423
0.0603865
0.06035
0.0603136
0.0602773
0.060241
0.0602047
0.0601685
0.0601323
0.0600962
0.0600601
0.060024
0.059988
0.059952
0.0599161
0.0598802
0.0598444
0.0598086
0.0597729
0.0597372
0.0597015
0.0596659
0.0596303
0.0595948
0.0595593
0.0595238
0.0594884
0.059453
0.0594177
0.0593824
0.0593472
0.059312
0.0592768
0.0592417
0.0592066
0.0591716
0.0591366
0.0591017
0.0590667
0.0590319
0.0589971
0.0589623
0.0589275
0.0588928
0.0588582
0.0588235
0.0587889
0.0587544
0.0587199
0.0586854
0.058651
0.0586166
0.0585823
0.058548
0.0585138
0.0584795
0.0584454
0.0584112
0.0583771
0.0583431
0.058309
0.0582751
0.0582411
0.0582072
0.0581734
0.0581395
0.0581058
0.058072
0.0580383
0.0580046
0.057971
0.0579374
0.0579039
0.0578704
0.0578369
0.0578035
0.0577701
0.0577367
0.0577034
0.0576701
0.0576369
0.0576037
0.0575705
0.0575374
0.0575043
0.0574713
0.0574383
0.0574053
0.0573723
0.0573394
0.0573066
0.0572738
0.057241
0.0572082
0.0571755
0.0571429
0.0571102
0.0570776
0.0570451
0.0570125
0.0569801
0.0569476
0.0569152
0.0568828
0.0568505
0.0568182
0.0567859
0.0567537
0.0567215
0.0566893
0.0566572
0.0566251
0.0565931
0.0565611
0.0565291
0.0564972
0.0564653
0.0564334
0.0564016
0.0563698
0.056338
0.0563063
0.0562746
0.056243
0.0562114
0.0561798
0.0561482
0.0561167
0.0560852
0.0560538
0.0560224
0.055991
0.0559597
0.0559284
0.0558971
0.0558659
0.0558347
0.0558036
0.0557724
0.0557414
0.0557103
0.0556793
0.0556483
0.0556174
0.0555864
0.0555556
0.0555247
0.0554939
0.0554631
0.0554324
0.0554017
0.055371
0.0553403
0.0553097
0.0552792
0.0552486
0.0552181
0.0551876
0.0551572
0.0551268
0.0550964
0.0550661
0.0550358
0.0550055
0.0549753
0.0549451
0.0549149
0.0548847
0.0548546
0.0548246
0.0547945
0.0547645
0.0547345
0.0547046
0.0546747
0.0546448
0.054615
0.0545852
0.0545554
0.0545256
0.0544959
0.0544662
0.0544366
0.054407
0.0543774
0.0543478
0.0543183
0.0542888
0.0542594
0.0542299
0.0542005
0.0541712
0.0541419
0.0541126
0.0540833
0.0540541
0.0540249
0.0539957
0.0539665
0.0539374
0.0539084
0.0538793
0.0538503
0.0538213
0.0537924
0.0537634
0.0537346
0.0537057
0.0536769
0.0536481
0.0536193
0.0535906
0.0535619
0.0535332
0.0535045
0.0534759
0.0534474
0.0534188
0.0533903
0.0533618
0.0533333
0.0533049
0.0532765
0.0532481
0.0532198
0.0531915
0.0531632
0.053135
0.0531067
0.0530786
0.0530504
0.0530223
0.0529942
0.0529661
0.0529381
0.0529101
0.0528821
0.0528541
0.0528262
0.0527983
0.0527704
0.0527426
0.0527148
0.052687
0.0526593
0.0526316
0.0526039
0.0525762
0.0525486
0.052521
0.0524934
0.0524659
0.0524384
0.0524109
0.0523834
0.052356
0.0523286
0.0523013
0.0522739
0.0522466
0.0522193
0.0521921
0.0521648
0.0521376
0.0521105
0.0520833
0.0520562
0.0520291
0.0520021
0.0519751
0.0519481
0.0519211
0.0518941
0.0518672
0.0518403
0.0518135
0.0517866
0.0517598
0.0517331
0.0517063
0.0516796
0.0516529
0.0516262
0.0515996
0.051573
0.0515464
0.0515198
0.0514933
0.0514668
0.0514403
0.0514139
0.0513875
0.0513611
0.0513347
0.0513084
0.0512821
0.0512558
0.0512295
0.0512033
0.0511771
0.0511509
0.0511247
0.0510986
0.0510725
0.0510465
0.0510204
0.0509944
0.0509684
0.0509424
0.0509165
0.0508906
0.0508647
0.0508388
0.050813
0.0507872
0.0507614
0.0507357
0.0507099
0.0506842
0.0506586
0.0506329
0.0506073
0.0505817
0.0505561
0.0505306
0.0505051
0.0504796
0.0504541
0.0504286
0.0504032
0.0503778
0.0503525
0.0503271
0.0503018
0.0502765
0.0502513
0.050226
0.0502008
0.0501756
0.0501505
0.0501253
0.0501002
0.0500751
0.0500501
0.050025
0.05
0.049975
0.04995
0.0499251
0.0499002
0.0498753
0.0498504
0.0498256
0.0498008
0.049776
0.0497512
0.0497265
0.0497018
0.0496771
0.0496524
0.0496278
0.0496032
0.0495786
0.049554
0.0495295
0.049505
0.0494805
0.049456
0.0494315
0.0494071
0.0493827
0.0493583
0.049334
0.0493097
0.0492854
0.0492611
0.0492368
0.0492126
0.0491884
0.0491642
0.04914
0.0491159
0.0490918
0.0490677
0.0490436
0.0490196
0.0489956
0.0489716
0.0489476
0.0489237
0.0488998
0.0488759
0.048852
0.0488281
0.0488043
0.0487805
0.0487567
0.0487329
0.0487092
0.0486855
0.0486618
0.0486381
0.0486145
0.0485909
0.0485673
0.0485437
0.0485201
0.0484966
0.0484731
0.0484496
0.0484262
0.0484027
0.0483793
0.0483559
0.0483325
0.0483092
0.0482859
0.0482625
0.0482393
0.048216
0.0481928
0.0481696
0.0481464
0.0481232
0.0481
0.0480769
0.0480538
0.0480307
0.0480077
0.0479846
0.0479616
0.0479386
0.0479157
0.0478927
0.0478698
0.0478469
0.047824
0.0478011
0.0477783
0.0477555
0.0477327
0.0477099
0.0476872
0.0476644
0.0476417
0.047619
0.0475964
0.0475737
0.0475511
0.0475285
0.0475059
0.0474834
0.0474608
0.0474383
0.0474158
0.0473934
0.0473709
0.0473485
0.0473261
0.0473037
0.0472813
0.047259
0.0472367
0.0472144
0.0471921
0.0471698
0.0471476
0.0471254
0.0471032
0.047081
0.0470588
0.0470367
0.0470146
0.0469925
0.0469704
0.0469484
0.0469263
0.0469043
0.0468823
0.0468604
0.0468384
0.0468165
0.0467946
0.0467727
0.0467508
0.046729
0.0467071
0.0466853
0.0466636
0.0466418
0.04662
0.0465983
0.0465766
0.0465549
0.0465333
0.0465116
0.04649
0.0464684
0.0464468
0.0464253
0.0464037
0.0463822
0.0463607
0.0463392
0.0463177
0.0462963
0.0462749
0.0462535
0.0462321
0.0462107
0.0461894
0.0461681
0.0461467
0.0461255
0.0461042
0.0460829
0.0460617
0.0460405
0.0460193
0.0459982
0.045977
0.0459559
0.0459348
0.0459137
0.0458926
0.0458716
0.0458505
0.0458295
0.0458085
0.0457875
0.0457666
0.0457457
0.0457247
0.0457038
0.045683
0.0456621
0.0456413
0.0456204
0.0455996
0.0455789
0.0455581
0.0455373
0.0455166
0.0454959
0.0454752
0.0454545
0.0454339
0.0454133
0.0453926
0.0453721
0.0453515
0.0453309
0.0453104
0.0452899
0.0452694
0.0452489
0.0452284
0.045208
0.0451875
0.0451671
0.0451467
0.0451264
0.045106
0.0450857
0.0450653
0.045045
0.0450248
0.0450045
0.0449843
0.044964
0.0449438
0.0449236
0.0449035
0.0448833
0.0448632
0.044843
0.0448229
0.0448029
0.0447828
0.0447628
0.0447427
0.0447227
0.0447027
0.0446828
0.0446628
0.0446429
0.0446229
0.044603
0.0445831
0.0445633
0.0445434
0.0445236
0.0445038
0.044484
0.0444642
0.0444444
0.0444247
0.044405
0.0443853
0.0443656
0.0443459
0.0443262
0.0443066



